-3.992000	0	0.000000
-3.976000	2	0.000006
-3.960000	1	0.000003
-3.944000	0	0.000000
-3.928000	1	0.000003
-3.912000	1	0.000003
-3.896000	0	0.000000
-3.880000	0	0.000000
-3.864000	3	0.000009
-3.848000	0	0.000000
-3.832000	1	0.000003
-3.816000	3	0.000009
-3.800000	2	0.000006
-3.784000	3	0.000009
-3.768000	1	0.000003
-3.752000	1	0.000003
-3.736000	0	0.000000
-3.720000	5	0.000015
-3.704000	0	0.000000
-3.688000	3	0.000009
-3.672000	3	0.000009
-3.656000	2	0.000006
-3.640000	4	0.000012
-3.624000	3	0.000009
-3.608000	4	0.000012
-3.592000	4	0.000012
-3.576000	4	0.000012
-3.560000	2	0.000006
-3.544000	5	0.000015
-3.528000	3	0.000009
-3.512000	5	0.000015
-3.496000	3	0.000009
-3.480000	2	0.000006
-3.464000	4	0.000012
-3.448000	4	0.000012
-3.432000	8	0.000025
-3.416000	7	0.000022
-3.400000	6	0.000018
-3.384000	6	0.000018
-3.368000	10	0.000031
-3.352000	4	0.000012
-3.336000	3	0.000009
-3.320000	5	0.000015
-3.304000	6	0.000018
-3.288000	9	0.000028
-3.272000	13	0.000040
-3.256000	8	0.000025
-3.240000	11	0.000034
-3.224000	9	0.000028
-3.208000	12	0.000037
-3.192000	8	0.000025
-3.176000	12	0.000037
-3.160000	8	0.000025
-3.144000	15	0.000046
-3.128000	20	0.000062
-3.112000	12	0.000037
-3.096000	13	0.000040
-3.080000	14	0.000043
-3.064000	20	0.000062
-3.048000	20	0.000062
-3.032000	16	0.000049
-3.016000	19	0.000059
-3.000000	18	0.000055
-2.984000	29	0.000089
-2.968000	27	0.000083
-2.952000	45	0.000139
-2.936000	34	0.000105
-2.920000	45	0.000139
-2.904000	30	0.000092
-2.888000	27	0.000083
-2.872000	47	0.000145
-2.856000	39	0.000120
-2.840000	53	0.000163
-2.824000	41	0.000126
-2.808000	39	0.000120
-2.792000	39	0.000120
-2.776000	47	0.000145
-2.760000	44	0.000136
-2.744000	59	0.000182
-2.728000	54	0.000166
-2.712000	45	0.000139
-2.696000	58	0.000179
-2.680000	68	0.000209
-2.664000	59	0.000182
-2.648000	59	0.000182
-2.632000	67	0.000206
-2.616000	60	0.000185
-2.600000	70	0.000216
-2.584000	77	0.000237
-2.568000	73	0.000225
-2.552000	90	0.000277
-2.536000	74	0.000228
-2.520000	83	0.000256
-2.504000	78	0.000240
-2.488000	97	0.000299
-2.472000	98	0.000302
-2.456000	112	0.000345
-2.440000	118	0.000363
-2.424000	86	0.000265
-2.408000	124	0.000382
-2.392000	107	0.000330
-2.376000	118	0.000363
-2.360000	140	0.000431
-2.344000	135	0.000416
-2.328000	135	0.000416
-2.312000	163	0.000502
-2.296000	151	0.000465
-2.280000	146	0.000450
-2.264000	151	0.000465
-2.248000	167	0.000514
-2.232000	186	0.000573
-2.216000	172	0.000530
-2.200000	201	0.000619
-2.184000	159	0.000490
-2.168000	200	0.000616
-2.152000	200	0.000616
-2.136000	224	0.000690
-2.120000	229	0.000705
-2.104000	208	0.000641
-2.088000	243	0.000748
-2.072000	228	0.000702
-2.056000	251	0.000773
-2.040000	283	0.000872
-2.024000	274	0.000844
-2.008000	302	0.000930
-1.992000	259	0.000798
-1.976000	287	0.000884
-1.960000	323	0.000995
-1.944000	316	0.000973
-1.928000	349	0.001075
-1.912000	322	0.000992
-1.896000	334	0.001029
-1.880000	374	0.001152
-1.864000	328	0.001010
-1.848000	361	0.001112
-1.832000	389	0.001198
-1.816000	402	0.001238
-1.800000	429	0.001321
-1.784000	397	0.001223
-1.768000	448	0.001380
-1.752000	460	0.001417
-1.736000	471	0.001451
-1.720000	440	0.001355
-1.704000	436	0.001343
-1.688000	493	0.001518
-1.672000	489	0.001506
-1.656000	536	0.001651
-1.640000	527	0.001623
-1.624000	507	0.001562
-1.608000	628	0.001934
-1.592000	633	0.001950
-1.576000	669	0.002060
-1.560000	617	0.001900
-1.544000	673	0.002073
-1.528000	676	0.002082
-1.512000	677	0.002085
-1.496000	730	0.002248
-1.480000	709	0.002184
-1.464000	676	0.002082
-1.448000	726	0.002236
-1.432000	773	0.002381
-1.416000	775	0.002387
-1.400000	781	0.002405
-1.384000	820	0.002526
-1.368000	864	0.002661
-1.352000	828	0.002550
-1.336000	856	0.002636
-1.320000	872	0.002686
-1.304000	850	0.002618
-1.288000	875	0.002695
-1.272000	941	0.002898
-1.256000	930	0.002864
-1.240000	949	0.002923
-1.224000	986	0.003037
-1.208000	1031	0.003175
-1.192000	996	0.003068
-1.176000	1073	0.003305
-1.160000	1075	0.003311
-1.144000	1029	0.003169
-1.128000	1110	0.003419
-1.112000	1091	0.003360
-1.096000	1033	0.003182
-1.080000	1171	0.003607
-1.064000	1132	0.003487
-1.048000	1206	0.003714
-1.032000	1221	0.003761
-1.016000	1185	0.003650
-1.000000	1251	0.003853
-0.984000	1235	0.003804
-0.968000	1302	0.004010
-0.952000	1303	0.004013
-0.936000	1329	0.004093
-0.920000	1406	0.004330
-0.904000	1308	0.004029
-0.888000	1416	0.004361
-0.872000	1407	0.004334
-0.856000	1444	0.004447
-0.840000	1418	0.004367
-0.824000	1477	0.004549
-0.808000	1507	0.004642
-0.792000	1552	0.004780
-0.776000	1526	0.004700
-0.760000	1529	0.004709
-0.744000	1597	0.004919
-0.728000	1639	0.005048
-0.712000	1608	0.004953
-0.696000	1610	0.004959
-0.680000	1717	0.005288
-0.664000	1732	0.005334
-0.648000	1703	0.005245
-0.632000	1679	0.005171
-0.616000	1742	0.005365
-0.600000	1657	0.005104
-0.584000	1700	0.005236
-0.568000	1715	0.005282
-0.552000	1812	0.005581
-0.536000	1733	0.005338
-0.520000	1775	0.005467
-0.504000	1801	0.005547
-0.488000	1869	0.005756
-0.472000	1884	0.005803
-0.456000	1752	0.005396
-0.440000	1841	0.005670
-0.424000	1887	0.005812
-0.408000	1908	0.005877
-0.392000	1796	0.005532
-0.376000	1916	0.005901
-0.360000	1907	0.005873
-0.344000	2007	0.006181
-0.328000	1898	0.005846
-0.312000	2034	0.006265
-0.296000	1991	0.006132
-0.280000	2055	0.006329
-0.264000	1963	0.006046
-0.248000	1995	0.006145
-0.232000	2068	0.006369
-0.216000	2028	0.006246
-0.200000	2103	0.006477
-0.184000	1969	0.006064
-0.168000	2072	0.006382
-0.152000	2059	0.006342
-0.136000	2065	0.006360
-0.120000	2022	0.006228
-0.104000	2041	0.006286
-0.088000	1997	0.006151
-0.072000	2100	0.006468
-0.056000	2077	0.006397
-0.040000	2121	0.006533
-0.024000	2032	0.006258
-0.008000	2153	0.006631
0.008000	2173	0.006693
0.024000	2098	0.006462
0.040000	1987	0.006120
0.056000	2082	0.006412
0.072000	2096	0.006456
0.088000	2035	0.006268
0.104000	2077	0.006397
0.120000	2050	0.006314
0.136000	2077	0.006397
0.152000	2040	0.006283
0.168000	2061	0.006348
0.184000	1966	0.006055
0.200000	2050	0.006314
0.216000	1964	0.006049
0.232000	1973	0.006077
0.248000	2038	0.006277
0.264000	2004	0.006172
0.280000	1983	0.006108
0.296000	2025	0.006237
0.312000	2056	0.006332
0.328000	1891	0.005824
0.344000	2011	0.006194
0.360000	1890	0.005821
0.376000	1984	0.006111
0.392000	1977	0.006089
0.408000	1913	0.005892
0.424000	1894	0.005833
0.440000	1845	0.005683
0.456000	1801	0.005547
0.472000	1861	0.005732
0.488000	1837	0.005658
0.504000	1844	0.005679
0.520000	1796	0.005532
0.536000	1783	0.005492
0.552000	1873	0.005769
0.568000	1731	0.005331
0.584000	1749	0.005387
0.600000	1686	0.005193
0.616000	1769	0.005448
0.632000	1636	0.005039
0.648000	1650	0.005082
0.664000	1682	0.005181
0.680000	1633	0.005030
0.696000	1598	0.004922
0.712000	1635	0.005036
0.728000	1606	0.004946
0.744000	1616	0.004977
0.760000	1494	0.004601
0.776000	1537	0.004734
0.792000	1521	0.004685
0.808000	1511	0.004654
0.824000	1468	0.004521
0.840000	1427	0.004395
0.856000	1407	0.004334
0.872000	1475	0.004543
0.888000	1428	0.004398
0.904000	1347	0.004149
0.920000	1343	0.004136
0.936000	1331	0.004099
0.952000	1313	0.004044
0.968000	1318	0.004059
0.984000	1238	0.003813
1.000000	1271	0.003915
1.016000	1282	0.003949
1.032000	1220	0.003758
1.048000	1192	0.003671
1.064000	1137	0.003502
1.080000	1212	0.003733
1.096000	1112	0.003425
1.112000	1104	0.003400
1.128000	1066	0.003283
1.144000	1071	0.003299
1.160000	1073	0.003305
1.176000	1077	0.003317
1.192000	955	0.002941
1.208000	1035	0.003188
1.224000	992	0.003055
1.240000	943	0.002904
1.256000	965	0.002972
1.272000	1005	0.003095
1.288000	897	0.002763
1.304000	901	0.002775
1.320000	866	0.002667
1.336000	821	0.002529
1.352000	813	0.002504
1.368000	817	0.002516
1.384000	790	0.002433
1.400000	753	0.002319
1.416000	771	0.002375
1.432000	692	0.002131
1.448000	714	0.002199
1.464000	729	0.002245
1.480000	726	0.002236
1.496000	634	0.001953
1.512000	669	0.002060
1.528000	643	0.001980
1.544000	646	0.001990
1.560000	639	0.001968
1.576000	561	0.001728
1.592000	594	0.001829
1.608000	602	0.001854
1.624000	566	0.001743
1.640000	511	0.001574
1.656000	563	0.001734
1.672000	518	0.001595
1.688000	454	0.001398
1.704000	435	0.001340
1.720000	492	0.001515
1.736000	458	0.001411
1.752000	489	0.001506
1.768000	416	0.001281
1.784000	422	0.001300
1.800000	418	0.001287
1.816000	395	0.001217
1.832000	349	0.001075
1.848000	384	0.001183
1.864000	388	0.001195
1.880000	354	0.001090
1.896000	317	0.000976
1.912000	331	0.001019
1.928000	327	0.001007
1.944000	332	0.001023
1.960000	321	0.000989
1.976000	276	0.000850
1.992000	302	0.000930
2.008000	307	0.000946
2.024000	257	0.000792
2.040000	264	0.000813
2.056000	251	0.000773
2.072000	254	0.000782
2.088000	240	0.000739
2.104000	228	0.000702
2.120000	246	0.000758
2.136000	213	0.000656
2.152000	212	0.000653
2.168000	186	0.000573
2.184000	186	0.000573
2.200000	189	0.000582
2.216000	177	0.000545
2.232000	164	0.000505
2.248000	169	0.000521
2.264000	159	0.000490
2.280000	158	0.000487
2.296000	132	0.000407
2.312000	146	0.000450
2.328000	121	0.000373
2.344000	147	0.000453
2.360000	117	0.000360
2.376000	110	0.000339
2.392000	117	0.000360
2.408000	112	0.000345
2.424000	116	0.000357
2.440000	106	0.000326
2.456000	129	0.000397
2.472000	117	0.000360
2.488000	76	0.000234
2.504000	82	0.000253
2.520000	94	0.000290
2.536000	87	0.000268
2.552000	85	0.000262
2.568000	91	0.000280
2.584000	70	0.000216
2.600000	85	0.000262
2.616000	66	0.000203
2.632000	61	0.000188
2.648000	54	0.000166
2.664000	64	0.000197
2.680000	62	0.000191
2.696000	62	0.000191
2.712000	52	0.000160
2.728000	44	0.000136
2.744000	42	0.000129
2.760000	52	0.000160
2.776000	37	0.000114
2.792000	43	0.000132
2.808000	38	0.000117
2.824000	39	0.000120
2.840000	26	0.000080
2.856000	40	0.000123
2.872000	32	0.000099
2.888000	30	0.000092
2.904000	23	0.000071
2.920000	27	0.000083
2.936000	30	0.000092
2.952000	26	0.000080
2.968000	32	0.000099
2.984000	28	0.000086
3.000000	16	0.000049
3.016000	24	0.000074
3.032000	19	0.000059
3.048000	26	0.000080
3.064000	22	0.000068
3.080000	16	0.000049
3.096000	17	0.000052
3.112000	23	0.000071
3.128000	11	0.000034
3.144000	12	0.000037
3.160000	10	0.000031
3.176000	20	0.000062
3.192000	12	0.000037
3.208000	11	0.000034
3.224000	13	0.000040
3.240000	6	0.000018
3.256000	14	0.000043
3.272000	7	0.000022
3.288000	13	0.000040
3.304000	8	0.000025
3.320000	5	0.000015
3.336000	4	0.000012
3.352000	13	0.000040
3.368000	1	0.000003
3.384000	8	0.000025
3.400000	7	0.000022
3.416000	3	0.000009
3.432000	12	0.000037
3.448000	5	0.000015
3.464000	5	0.000015
3.480000	2	0.000006
3.496000	8	0.000025
3.512000	7	0.000022
3.528000	8	0.000025
3.544000	5	0.000015
3.560000	0	0.000000
3.576000	3	0.000009
3.592000	2	0.000006
3.608000	2	0.000006
3.624000	2	0.000006
3.640000	2	0.000006
3.656000	3	0.000009
3.672000	3	0.000009
3.688000	4	0.000012
3.704000	2	0.000006
3.720000	3	0.000009
3.736000	2	0.000006
3.752000	0	0.000000
3.768000	3	0.000009
3.784000	0	0.000000
3.800000	2	0.000006
3.816000	0	0.000000
3.832000	1	0.000003
3.848000	0	0.000000
3.864000	2	0.000006
3.880000	1	0.000003
3.896000	0	0.000000
3.912000	2	0.000006
3.928000	0	0.000000
3.944000	1	0.000003
3.960000	1	0.000003
3.976000	0	0.000000
3.992000	0	0.000000
