-3.992000	0	0.000000
-3.976000	2	0.000005
-3.960000	3	0.000008
-3.944000	1	0.000003
-3.928000	1	0.000003
-3.912000	1	0.000003
-3.896000	0	0.000000
-3.880000	0	0.000000
-3.864000	4	0.000010
-3.848000	3	0.000008
-3.832000	3	0.000008
-3.816000	3	0.000008
-3.800000	2	0.000005
-3.784000	4	0.000010
-3.768000	2	0.000005
-3.752000	1	0.000003
-3.736000	0	0.000000
-3.720000	5	0.000013
-3.704000	2	0.000005
-3.688000	3	0.000008
-3.672000	3	0.000008
-3.656000	2	0.000005
-3.640000	5	0.000013
-3.624000	3	0.000008
-3.608000	4	0.000010
-3.592000	4	0.000010
-3.576000	4	0.000010
-3.560000	3	0.000008
-3.544000	5	0.000013
-3.528000	4	0.000010
-3.512000	6	0.000015
-3.496000	3	0.000008
-3.480000	4	0.000010
-3.464000	6	0.000015
-3.448000	5	0.000013
-3.432000	8	0.000021
-3.416000	8	0.000021
-3.400000	7	0.000018
-3.384000	7	0.000018
-3.368000	12	0.000031
-3.352000	5	0.000013
-3.336000	8	0.000021
-3.320000	6	0.000015
-3.304000	6	0.000015
-3.288000	12	0.000031
-3.272000	14	0.000036
-3.256000	14	0.000036
-3.240000	15	0.000039
-3.224000	11	0.000028
-3.208000	18	0.000046
-3.192000	11	0.000028
-3.176000	15	0.000039
-3.160000	8	0.000021
-3.144000	18	0.000046
-3.128000	25	0.000065
-3.112000	17	0.000044
-3.096000	18	0.000046
-3.080000	16	0.000041
-3.064000	27	0.000070
-3.048000	23	0.000059
-3.032000	20	0.000052
-3.016000	20	0.000052
-3.000000	22	0.000057
-2.984000	35	0.000090
-2.968000	38	0.000098
-2.952000	49	0.000127
-2.936000	37	0.000096
-2.920000	48	0.000124
-2.904000	34	0.000088
-2.888000	32	0.000083
-2.872000	50	0.000129
-2.856000	43	0.000111
-2.840000	57	0.000147
-2.824000	45	0.000116
-2.808000	51	0.000132
-2.792000	43	0.000111
-2.776000	51	0.000132
-2.760000	54	0.000139
-2.744000	62	0.000160
-2.728000	67	0.000173
-2.712000	59	0.000152
-2.696000	68	0.000176
-2.680000	83	0.000214
-2.664000	75	0.000194
-2.648000	68	0.000176
-2.632000	85	0.000220
-2.616000	67	0.000173
-2.600000	84	0.000217
-2.584000	94	0.000243
-2.568000	89	0.000230
-2.552000	104	0.000269
-2.536000	97	0.000251
-2.520000	95	0.000245
-2.504000	90	0.000232
-2.488000	124	0.000320
-2.472000	116	0.000300
-2.456000	126	0.000325
-2.440000	150	0.000387
-2.424000	112	0.000289
-2.408000	138	0.000356
-2.392000	130	0.000336
-2.376000	139	0.000359
-2.360000	162	0.000418
-2.344000	165	0.000426
-2.328000	159	0.000411
-2.312000	185	0.000478
-2.296000	185	0.000478
-2.280000	173	0.000447
-2.264000	180	0.000465
-2.248000	194	0.000501
-2.232000	225	0.000581
-2.216000	213	0.000550
-2.200000	241	0.000622
-2.184000	199	0.000514
-2.168000	233	0.000602
-2.152000	237	0.000612
-2.136000	254	0.000656
-2.120000	276	0.000713
-2.104000	248	0.000640
-2.088000	288	0.000744
-2.072000	283	0.000731
-2.056000	301	0.000777
-2.040000	337	0.000870
-2.024000	329	0.000850
-2.008000	359	0.000927
-1.992000	315	0.000814
-1.976000	343	0.000886
-1.960000	386	0.000997
-1.944000	378	0.000976
-1.928000	405	0.001046
-1.912000	395	0.001020
-1.896000	414	0.001069
-1.880000	438	0.001131
-1.864000	397	0.001025
-1.848000	416	0.001074
-1.832000	458	0.001183
-1.816000	470	0.001214
-1.800000	485	0.001253
-1.784000	481	0.001242
-1.768000	532	0.001374
-1.752000	567	0.001464
-1.736000	539	0.001392
-1.720000	525	0.001356
-1.704000	533	0.001377
-1.688000	604	0.001560
-1.672000	589	0.001521
-1.656000	641	0.001655
-1.640000	641	0.001655
-1.624000	602	0.001555
-1.608000	743	0.001919
-1.592000	754	0.001947
-1.576000	784	0.002025
-1.560000	736	0.001901
-1.544000	786	0.002030
-1.528000	823	0.002125
-1.512000	794	0.002051
-1.496000	855	0.002208
-1.480000	834	0.002154
-1.464000	796	0.002056
-1.448000	853	0.002203
-1.432000	926	0.002391
-1.416000	910	0.002350
-1.400000	949	0.002451
-1.384000	955	0.002466
-1.368000	1019	0.002632
-1.352000	990	0.002557
-1.336000	1021	0.002637
-1.320000	1046	0.002701
-1.304000	1010	0.002608
-1.288000	1067	0.002756
-1.272000	1113	0.002874
-1.256000	1121	0.002895
-1.240000	1135	0.002931
-1.224000	1167	0.003014
-1.208000	1213	0.003133
-1.192000	1164	0.003006
-1.176000	1300	0.003357
-1.160000	1254	0.003239
-1.144000	1249	0.003226
-1.128000	1322	0.003414
-1.112000	1308	0.003378
-1.096000	1258	0.003249
-1.080000	1393	0.003598
-1.064000	1368	0.003533
-1.048000	1448	0.003740
-1.032000	1489	0.003846
-1.016000	1413	0.003649
-1.000000	1495	0.003861
-0.984000	1465	0.003784
-0.968000	1545	0.003990
-0.952000	1552	0.004008
-0.936000	1564	0.004039
-0.920000	1650	0.004261
-0.904000	1569	0.004052
-0.888000	1681	0.004341
-0.872000	1683	0.004347
-0.856000	1718	0.004437
-0.840000	1673	0.004321
-0.824000	1753	0.004527
-0.808000	1788	0.004618
-0.792000	1839	0.004749
-0.776000	1831	0.004729
-0.760000	1831	0.004729
-0.744000	1911	0.004935
-0.728000	1941	0.005013
-0.712000	1904	0.004917
-0.696000	1942	0.005015
-0.680000	2006	0.005181
-0.664000	2064	0.005331
-0.648000	2047	0.005287
-0.632000	1981	0.005116
-0.616000	2087	0.005390
-0.600000	1959	0.005059
-0.584000	2030	0.005243
-0.568000	2072	0.005351
-0.552000	2158	0.005573
-0.536000	2084	0.005382
-0.520000	2141	0.005529
-0.504000	2143	0.005535
-0.488000	2234	0.005770
-0.472000	2248	0.005806
-0.456000	2088	0.005392
-0.440000	2238	0.005780
-0.424000	2278	0.005883
-0.408000	2296	0.005930
-0.392000	2132	0.005506
-0.376000	2322	0.005997
-0.360000	2268	0.005857
-0.344000	2384	0.006157
-0.328000	2279	0.005886
-0.312000	2445	0.006314
-0.296000	2365	0.006108
-0.280000	2445	0.006314
-0.264000	2312	0.005971
-0.248000	2361	0.006098
-0.232000	2474	0.006389
-0.216000	2415	0.006237
-0.200000	2495	0.006444
-0.184000	2358	0.006090
-0.168000	2464	0.006364
-0.152000	2455	0.006340
-0.136000	2450	0.006327
-0.120000	2409	0.006222
-0.104000	2468	0.006374
-0.088000	2392	0.006178
-0.072000	2495	0.006444
-0.056000	2511	0.006485
-0.040000	2520	0.006508
-0.024000	2445	0.006314
-0.008000	2556	0.006601
0.008000	2538	0.006555
0.024000	2477	0.006397
0.040000	2377	0.006139
0.056000	2480	0.006405
0.072000	2459	0.006351
0.088000	2446	0.006317
0.104000	2445	0.006314
0.120000	2430	0.006276
0.136000	2491	0.006433
0.152000	2440	0.006302
0.168000	2438	0.006296
0.184000	2347	0.006061
0.200000	2443	0.006309
0.216000	2390	0.006172
0.232000	2374	0.006131
0.248000	2422	0.006255
0.264000	2407	0.006216
0.280000	2381	0.006149
0.296000	2371	0.006123
0.312000	2442	0.006307
0.328000	2261	0.005839
0.344000	2392	0.006178
0.360000	2255	0.005824
0.376000	2385	0.006160
0.392000	2334	0.006028
0.408000	2290	0.005914
0.424000	2263	0.005844
0.440000	2162	0.005584
0.456000	2197	0.005674
0.472000	2232	0.005764
0.488000	2202	0.005687
0.504000	2201	0.005684
0.520000	2123	0.005483
0.536000	2123	0.005483
0.552000	2235	0.005772
0.568000	2112	0.005454
0.584000	2077	0.005364
0.600000	2013	0.005199
0.616000	2107	0.005442
0.632000	1997	0.005157
0.648000	1970	0.005088
0.664000	1980	0.005114
0.680000	1985	0.005126
0.696000	1933	0.004992
0.712000	1934	0.004995
0.728000	1903	0.004915
0.744000	1938	0.005005
0.760000	1785	0.004610
0.776000	1828	0.004721
0.792000	1816	0.004690
0.808000	1790	0.004623
0.824000	1728	0.004463
0.840000	1698	0.004385
0.856000	1655	0.004274
0.872000	1748	0.004514
0.888000	1702	0.004396
0.904000	1626	0.004199
0.920000	1636	0.004225
0.936000	1599	0.004130
0.952000	1568	0.004050
0.968000	1570	0.004055
0.984000	1493	0.003856
1.000000	1500	0.003874
1.016000	1533	0.003959
1.032000	1443	0.003727
1.048000	1429	0.003691
1.064000	1360	0.003512
1.080000	1425	0.003680
1.096000	1331	0.003437
1.112000	1302	0.003363
1.128000	1263	0.003262
1.144000	1290	0.003332
1.160000	1278	0.003301
1.176000	1269	0.003277
1.192000	1145	0.002957
1.208000	1204	0.003109
1.224000	1161	0.002998
1.240000	1148	0.002965
1.256000	1156	0.002985
1.272000	1171	0.003024
1.288000	1053	0.002719
1.304000	1080	0.002789
1.320000	1037	0.002678
1.336000	986	0.002546
1.352000	981	0.002534
1.368000	966	0.002495
1.384000	936	0.002417
1.400000	906	0.002340
1.416000	884	0.002283
1.432000	826	0.002133
1.448000	859	0.002218
1.464000	877	0.002265
1.480000	855	0.002208
1.496000	765	0.001976
1.512000	789	0.002038
1.528000	775	0.002002
1.544000	776	0.002004
1.560000	762	0.001968
1.576000	674	0.001741
1.592000	695	0.001795
1.608000	732	0.001890
1.624000	673	0.001738
1.640000	619	0.001599
1.656000	664	0.001715
1.672000	624	0.001612
1.688000	550	0.001420
1.704000	506	0.001307
1.720000	590	0.001524
1.736000	540	0.001395
1.752000	577	0.001490
1.768000	520	0.001343
1.784000	505	0.001304
1.800000	502	0.001296
1.816000	472	0.001219
1.832000	419	0.001082
1.848000	448	0.001157
1.864000	463	0.001196
1.880000	425	0.001098
1.896000	383	0.000989
1.912000	385	0.000994
1.928000	385	0.000994
1.944000	402	0.001038
1.960000	385	0.000994
1.976000	336	0.000868
1.992000	355	0.000917
2.008000	360	0.000930
2.024000	297	0.000767
2.040000	311	0.000803
2.056000	290	0.000749
2.072000	295	0.000762
2.088000	285	0.000736
2.104000	293	0.000757
2.120000	297	0.000767
2.136000	253	0.000653
2.152000	262	0.000677
2.168000	224	0.000579
2.184000	228	0.000589
2.200000	221	0.000571
2.216000	214	0.000553
2.232000	196	0.000506
2.248000	203	0.000524
2.264000	186	0.000480
2.280000	185	0.000478
2.296000	164	0.000424
2.312000	177	0.000457
2.328000	147	0.000380
2.344000	169	0.000436
2.360000	136	0.000351
2.376000	130	0.000336
2.392000	137	0.000354
2.408000	122	0.000315
2.424000	133	0.000343
2.440000	135	0.000349
2.456000	149	0.000385
2.472000	129	0.000333
2.488000	103	0.000266
2.504000	104	0.000269
2.520000	117	0.000302
2.536000	95	0.000245
2.552000	98	0.000253
2.568000	109	0.000282
2.584000	89	0.000230
2.600000	100	0.000258
2.616000	84	0.000217
2.632000	75	0.000194
2.648000	66	0.000170
2.664000	76	0.000196
2.680000	73	0.000189
2.696000	69	0.000178
2.712000	61	0.000158
2.728000	52	0.000134
2.744000	49	0.000127
2.760000	58	0.000150
2.776000	46	0.000119
2.792000	54	0.000139
2.808000	41	0.000106
2.824000	47	0.000121
2.840000	31	0.000080
2.856000	49	0.000127
2.872000	37	0.000096
2.888000	38	0.000098
2.904000	31	0.000080
2.920000	32	0.000083
2.936000	33	0.000085
2.952000	27	0.000070
2.968000	35	0.000090
2.984000	34	0.000088
3.000000	23	0.000059
3.016000	32	0.000083
3.032000	24	0.000062
3.048000	30	0.000077
3.064000	27	0.000070
3.080000	19	0.000049
3.096000	18	0.000046
3.112000	24	0.000062
3.128000	12	0.000031
3.144000	15	0.000039
3.160000	12	0.000031
3.176000	26	0.000067
3.192000	17	0.000044
3.208000	17	0.000044
3.224000	14	0.000036
3.240000	8	0.000021
3.256000	15	0.000039
3.272000	9	0.000023
3.288000	14	0.000036
3.304000	9	0.000023
3.320000	6	0.000015
3.336000	9	0.000023
3.352000	14	0.000036
3.368000	1	0.000003
3.384000	9	0.000023
3.400000	7	0.000018
3.416000	5	0.000013
3.432000	13	0.000034
3.448000	6	0.000015
3.464000	6	0.000015
3.480000	3	0.000008
3.496000	8	0.000021
3.512000	8	0.000021
3.528000	11	0.000028
3.544000	8	0.000021
3.560000	1	0.000003
3.576000	5	0.000013
3.592000	2	0.000005
3.608000	2	0.000005
3.624000	3	0.000008
3.640000	2	0.000005
3.656000	3	0.000008
3.672000	3	0.000008
3.688000	5	0.000013
3.704000	2	0.000005
3.720000	4	0.000010
3.736000	2	0.000005
3.752000	1	0.000003
3.768000	3	0.000008
3.784000	2	0.000005
3.800000	2	0.000005
3.816000	0	0.000000
3.832000	1	0.000003
3.848000	1	0.000003
3.864000	2	0.000005
3.880000	1	0.000003
3.896000	2	0.000005
3.912000	3	0.000008
3.928000	0	0.000000
3.944000	1	0.000003
3.960000	1	0.000003
3.976000	0	0.000000
3.992000	1	0.000003
