-3.992000	0	0.000000
-3.976000	2	0.000006
-3.960000	1	0.000003
-3.944000	0	0.000000
-3.928000	1	0.000003
-3.912000	1	0.000003
-3.896000	0	0.000000
-3.880000	0	0.000000
-3.864000	3	0.000009
-3.848000	1	0.000003
-3.832000	1	0.000003
-3.816000	3	0.000009
-3.800000	2	0.000006
-3.784000	3	0.000009
-3.768000	1	0.000003
-3.752000	1	0.000003
-3.736000	0	0.000000
-3.720000	5	0.000015
-3.704000	0	0.000000
-3.688000	3	0.000009
-3.672000	3	0.000009
-3.656000	2	0.000006
-3.640000	4	0.000012
-3.624000	3	0.000009
-3.608000	4	0.000012
-3.592000	4	0.000012
-3.576000	4	0.000012
-3.560000	2	0.000006
-3.544000	5	0.000015
-3.528000	3	0.000009
-3.512000	6	0.000018
-3.496000	3	0.000009
-3.480000	2	0.000006
-3.464000	4	0.000012
-3.448000	4	0.000012
-3.432000	8	0.000024
-3.416000	7	0.000021
-3.400000	6	0.000018
-3.384000	6	0.000018
-3.368000	11	0.000033
-3.352000	5	0.000015
-3.336000	3	0.000009
-3.320000	5	0.000015
-3.304000	6	0.000018
-3.288000	9	0.000027
-3.272000	13	0.000039
-3.256000	11	0.000033
-3.240000	12	0.000036
-3.224000	10	0.000030
-3.208000	12	0.000036
-3.192000	8	0.000024
-3.176000	15	0.000044
-3.160000	8	0.000024
-3.144000	16	0.000047
-3.128000	22	0.000065
-3.112000	12	0.000036
-3.096000	14	0.000042
-3.080000	15	0.000044
-3.064000	20	0.000059
-3.048000	20	0.000059
-3.032000	16	0.000047
-3.016000	19	0.000056
-3.000000	18	0.000053
-2.984000	31	0.000092
-2.968000	30	0.000089
-2.952000	46	0.000136
-2.936000	34	0.000101
-2.920000	45	0.000133
-2.904000	30	0.000089
-2.888000	27	0.000080
-2.872000	48	0.000142
-2.856000	40	0.000119
-2.840000	54	0.000160
-2.824000	42	0.000125
-2.808000	40	0.000119
-2.792000	40	0.000119
-2.776000	49	0.000145
-2.760000	45	0.000133
-2.744000	59	0.000175
-2.728000	57	0.000169
-2.712000	46	0.000136
-2.696000	61	0.000181
-2.680000	72	0.000214
-2.664000	66	0.000196
-2.648000	60	0.000178
-2.632000	71	0.000211
-2.616000	62	0.000184
-2.600000	74	0.000219
-2.584000	82	0.000243
-2.568000	77	0.000228
-2.552000	93	0.000276
-2.536000	81	0.000240
-2.520000	85	0.000252
-2.504000	80	0.000237
-2.488000	103	0.000305
-2.472000	99	0.000294
-2.456000	115	0.000341
-2.440000	125	0.000371
-2.424000	90	0.000267
-2.408000	126	0.000374
-2.392000	107	0.000317
-2.376000	124	0.000368
-2.360000	141	0.000418
-2.344000	142	0.000421
-2.328000	139	0.000412
-2.312000	169	0.000501
-2.296000	156	0.000463
-2.280000	149	0.000442
-2.264000	157	0.000466
-2.248000	172	0.000510
-2.232000	191	0.000566
-2.216000	179	0.000531
-2.200000	208	0.000617
-2.184000	165	0.000489
-2.168000	206	0.000611
-2.152000	204	0.000605
-2.136000	233	0.000691
-2.120000	234	0.000694
-2.104000	218	0.000647
-2.088000	252	0.000747
-2.072000	239	0.000709
-2.056000	256	0.000759
-2.040000	292	0.000866
-2.024000	287	0.000851
-2.008000	310	0.000919
-1.992000	271	0.000804
-1.976000	301	0.000893
-1.960000	333	0.000988
-1.944000	325	0.000964
-1.928000	362	0.001074
-1.912000	340	0.001008
-1.896000	354	0.001050
-1.880000	384	0.001139
-1.864000	344	0.001020
-1.848000	374	0.001109
-1.832000	403	0.001195
-1.816000	415	0.001231
-1.800000	435	0.001290
-1.784000	414	0.001228
-1.768000	468	0.001388
-1.752000	477	0.001415
-1.736000	486	0.001441
-1.720000	463	0.001373
-1.704000	456	0.001352
-1.688000	509	0.001510
-1.672000	511	0.001516
-1.656000	553	0.001640
-1.640000	542	0.001608
-1.624000	529	0.001569
-1.608000	648	0.001922
-1.592000	662	0.001963
-1.576000	690	0.002046
-1.560000	637	0.001889
-1.544000	701	0.002079
-1.528000	704	0.002088
-1.512000	705	0.002091
-1.496000	754	0.002236
-1.480000	733	0.002174
-1.464000	692	0.002052
-1.448000	756	0.002242
-1.432000	799	0.002370
-1.416000	805	0.002388
-1.400000	816	0.002420
-1.384000	844	0.002503
-1.368000	897	0.002660
-1.352000	867	0.002571
-1.336000	883	0.002619
-1.320000	914	0.002711
-1.304000	892	0.002646
-1.288000	915	0.002714
-1.272000	983	0.002915
-1.256000	977	0.002898
-1.240000	983	0.002915
-1.224000	1018	0.003019
-1.208000	1062	0.003150
-1.192000	1027	0.003046
-1.176000	1117	0.003313
-1.160000	1112	0.003298
-1.144000	1072	0.003179
-1.128000	1147	0.003402
-1.112000	1132	0.003357
-1.096000	1081	0.003206
-1.080000	1218	0.003612
-1.064000	1169	0.003467
-1.048000	1249	0.003704
-1.032000	1274	0.003779
-1.016000	1232	0.003654
-1.000000	1295	0.003841
-0.984000	1276	0.003785
-0.968000	1355	0.004019
-0.952000	1347	0.003995
-0.936000	1369	0.004060
-0.920000	1463	0.004339
-0.904000	1380	0.004093
-0.888000	1470	0.004360
-0.872000	1458	0.004324
-0.856000	1505	0.004464
-0.840000	1468	0.004354
-0.824000	1535	0.004553
-0.808000	1570	0.004656
-0.792000	1614	0.004787
-0.776000	1585	0.004701
-0.760000	1580	0.004686
-0.744000	1667	0.004944
-0.728000	1700	0.005042
-0.712000	1669	0.004950
-0.696000	1672	0.004959
-0.680000	1767	0.005241
-0.664000	1795	0.005324
-0.648000	1776	0.005267
-0.632000	1729	0.005128
-0.616000	1804	0.005351
-0.600000	1730	0.005131
-0.584000	1756	0.005208
-0.568000	1778	0.005273
-0.552000	1864	0.005528
-0.536000	1797	0.005330
-0.520000	1846	0.005475
-0.504000	1862	0.005523
-0.488000	1951	0.005787
-0.472000	1954	0.005795
-0.456000	1813	0.005377
-0.440000	1924	0.005706
-0.424000	1980	0.005873
-0.408000	1986	0.005890
-0.392000	1874	0.005558
-0.376000	1992	0.005908
-0.360000	1991	0.005905
-0.344000	2104	0.006240
-0.328000	1970	0.005843
-0.312000	2108	0.006252
-0.296000	2057	0.006101
-0.280000	2127	0.006309
-0.264000	2019	0.005988
-0.248000	2063	0.006119
-0.232000	2156	0.006395
-0.216000	2101	0.006231
-0.200000	2171	0.006439
-0.184000	2041	0.006053
-0.168000	2163	0.006415
-0.152000	2152	0.006383
-0.136000	2136	0.006335
-0.120000	2115	0.006273
-0.104000	2136	0.006335
-0.088000	2075	0.006154
-0.072000	2175	0.006451
-0.056000	2157	0.006397
-0.040000	2200	0.006525
-0.024000	2120	0.006288
-0.008000	2233	0.006623
0.008000	2249	0.006670
0.024000	2178	0.006460
0.040000	2064	0.006122
0.056000	2160	0.006406
0.072000	2173	0.006445
0.088000	2126	0.006306
0.104000	2137	0.006338
0.120000	2130	0.006317
0.136000	2151	0.006380
0.152000	2121	0.006291
0.168000	2139	0.006344
0.184000	2044	0.006062
0.200000	2138	0.006341
0.216000	2040	0.006050
0.232000	2055	0.006095
0.248000	2114	0.006270
0.264000	2088	0.006193
0.280000	2056	0.006098
0.296000	2096	0.006217
0.312000	2132	0.006323
0.328000	1953	0.005792
0.344000	2079	0.006166
0.360000	1957	0.005804
0.376000	2067	0.006131
0.392000	2041	0.006053
0.408000	1990	0.005902
0.424000	1971	0.005846
0.440000	1913	0.005674
0.456000	1889	0.005603
0.472000	1953	0.005792
0.488000	1910	0.005665
0.504000	1922	0.005700
0.520000	1858	0.005511
0.536000	1833	0.005437
0.552000	1941	0.005757
0.568000	1816	0.005386
0.584000	1815	0.005383
0.600000	1750	0.005190
0.616000	1858	0.005511
0.632000	1707	0.005063
0.648000	1714	0.005084
0.664000	1729	0.005128
0.680000	1707	0.005063
0.696000	1647	0.004885
0.712000	1695	0.005027
0.728000	1663	0.004932
0.744000	1685	0.004998
0.760000	1555	0.004612
0.776000	1595	0.004731
0.792000	1575	0.004671
0.808000	1564	0.004639
0.824000	1512	0.004484
0.840000	1478	0.004384
0.856000	1457	0.004321
0.872000	1521	0.004511
0.888000	1489	0.004416
0.904000	1412	0.004188
0.920000	1402	0.004158
0.936000	1389	0.004120
0.952000	1355	0.004019
0.968000	1372	0.004069
0.984000	1290	0.003826
1.000000	1321	0.003918
1.016000	1335	0.003959
1.032000	1267	0.003758
1.048000	1254	0.003719
1.064000	1189	0.003526
1.080000	1245	0.003693
1.096000	1148	0.003405
1.112000	1141	0.003384
1.128000	1101	0.003265
1.144000	1119	0.003319
1.160000	1119	0.003319
1.176000	1122	0.003328
1.192000	989	0.002933
1.208000	1067	0.003165
1.224000	1033	0.003064
1.240000	989	0.002933
1.256000	998	0.002960
1.272000	1037	0.003076
1.288000	927	0.002749
1.304000	933	0.002767
1.320000	904	0.002681
1.336000	862	0.002557
1.352000	837	0.002482
1.368000	847	0.002512
1.384000	819	0.002429
1.400000	785	0.002328
1.416000	797	0.002364
1.432000	720	0.002135
1.448000	749	0.002221
1.464000	761	0.002257
1.480000	758	0.002248
1.496000	661	0.001960
1.512000	700	0.002076
1.528000	665	0.001972
1.544000	667	0.001978
1.560000	667	0.001978
1.576000	587	0.001741
1.592000	614	0.001821
1.608000	626	0.001857
1.624000	588	0.001744
1.640000	531	0.001575
1.656000	583	0.001729
1.672000	536	0.001590
1.688000	469	0.001391
1.704000	456	0.001352
1.720000	512	0.001519
1.736000	481	0.001427
1.752000	503	0.001492
1.768000	435	0.001290
1.784000	437	0.001296
1.800000	432	0.001281
1.816000	409	0.001213
1.832000	366	0.001086
1.848000	399	0.001183
1.864000	400	0.001186
1.880000	368	0.001091
1.896000	332	0.000985
1.912000	342	0.001014
1.928000	336	0.000997
1.944000	346	0.001026
1.960000	333	0.000988
1.976000	289	0.000857
1.992000	311	0.000922
2.008000	312	0.000925
2.024000	266	0.000789
2.040000	272	0.000807
2.056000	259	0.000768
2.072000	258	0.000765
2.088000	249	0.000739
2.104000	244	0.000724
2.120000	252	0.000747
2.136000	222	0.000658
2.152000	222	0.000658
2.168000	195	0.000578
2.184000	197	0.000584
2.200000	195	0.000578
2.216000	181	0.000537
2.232000	171	0.000507
2.248000	176	0.000522
2.264000	165	0.000489
2.280000	162	0.000480
2.296000	135	0.000400
2.312000	152	0.000451
2.328000	127	0.000377
2.344000	155	0.000460
2.360000	119	0.000353
2.376000	112	0.000332
2.392000	120	0.000356
2.408000	114	0.000338
2.424000	119	0.000353
2.440000	115	0.000341
2.456000	130	0.000386
2.472000	120	0.000356
2.488000	82	0.000243
2.504000	86	0.000255
2.520000	98	0.000291
2.536000	89	0.000264
2.552000	88	0.000261
2.568000	95	0.000282
2.584000	72	0.000214
2.600000	88	0.000261
2.616000	69	0.000205
2.632000	67	0.000199
2.648000	58	0.000172
2.664000	68	0.000202
2.680000	64	0.000190
2.696000	63	0.000187
2.712000	54	0.000160
2.728000	47	0.000139
2.744000	43	0.000128
2.760000	52	0.000154
2.776000	37	0.000110
2.792000	44	0.000131
2.808000	39	0.000116
2.824000	43	0.000128
2.840000	28	0.000083
2.856000	41	0.000122
2.872000	34	0.000101
2.888000	30	0.000089
2.904000	26	0.000077
2.920000	29	0.000086
2.936000	31	0.000092
2.952000	26	0.000077
2.968000	34	0.000101
2.984000	30	0.000089
3.000000	17	0.000050
3.016000	26	0.000077
3.032000	20	0.000059
3.048000	27	0.000080
3.064000	24	0.000071
3.080000	16	0.000047
3.096000	17	0.000050
3.112000	23	0.000068
3.128000	11	0.000033
3.144000	12	0.000036
3.160000	10	0.000030
3.176000	22	0.000065
3.192000	12	0.000036
3.208000	12	0.000036
3.224000	13	0.000039
3.240000	6	0.000018
3.256000	14	0.000042
3.272000	7	0.000021
3.288000	14	0.000042
3.304000	9	0.000027
3.320000	6	0.000018
3.336000	6	0.000018
3.352000	13	0.000039
3.368000	1	0.000003
3.384000	8	0.000024
3.400000	7	0.000021
3.416000	4	0.000012
3.432000	12	0.000036
3.448000	5	0.000015
3.464000	5	0.000015
3.480000	2	0.000006
3.496000	8	0.000024
3.512000	7	0.000021
3.528000	8	0.000024
3.544000	6	0.000018
3.560000	0	0.000000
3.576000	3	0.000009
3.592000	2	0.000006
3.608000	2	0.000006
3.624000	2	0.000006
3.640000	2	0.000006
3.656000	3	0.000009
3.672000	3	0.000009
3.688000	4	0.000012
3.704000	2	0.000006
3.720000	3	0.000009
3.736000	2	0.000006
3.752000	1	0.000003
3.768000	3	0.000009
3.784000	0	0.000000
3.800000	2	0.000006
3.816000	0	0.000000
3.832000	1	0.000003
3.848000	0	0.000000
3.864000	2	0.000006
3.880000	1	0.000003
3.896000	1	0.000003
3.912000	3	0.000009
3.928000	0	0.000000
3.944000	1	0.000003
3.960000	1	0.000003
3.976000	0	0.000000
3.992000	0	0.000000
